975607126721794048
975581982854918145
975313214635429889
975862721118965760
975867995405905921
975877148832616448
975896403028439040
975926704798601221
975930620798013440
976112052149334016
976224464554872833
976241357298774016
976242585797844992
976560706500857856
976562716331700224
976562025630400513
976563166447587331
976565018316689408
976572051208228864
976581451775971329
976588526597918721
976592929245552640
976606958823362560
976616828863700992
976641186550206465
976651558418092032
976663006124929024
976662706781605888
976663295599038465
976663232814436353
976664036732530689
976663992486760450
976666985118552065
976666951253716994
976667833894653952
976667704420700160
976667621373378560
976669805825667073
976669587591843841
976669552196145152
976670971993186304
976670917756702720
976670817412055041
976669510525771776
976674316866719744
976674292040699904
976676037693198336
976675903387422726
976675881610547200
976674262118551552
976674237770555392
976677827637579777
976677789708451840
976677731919376385
976677696104255488
976677664135278592
976678182018482176
976678142009061377
976678118340677632
976678088896544770
976681244892286976
976681189091299330
976681538464243712
976681514237923328
976681305399283712
976681269504471040
976682468291031040
976682754745294848
976682680233463810
976682618463969280
976682593390342144
976785816541388800
976790496680054785
976794705508864001
976795053355077632
976798534321229824
976816311924912128
976885333668319234
976890400882483202
976974970466324480
976975280039481344
977211535079723008
977224129068851201
977245826786430976
977410824242454528
977411113049616385
977411014517051392
977410957646364674
977410876172095488
977411813301202944
977411639925452800
977411904737071105
977412906924040192
977413161295990784
977413053661745152
977412959365484544
977413307710787585
977536237211996165
977536138146664449
977536441524871168
977536364211302401
977536299199598592
977884298924777472
977884965772972032
977884894163623937
977945016495681536
978010157769773056
978485524942946305
978485491258593280
978485444915728385
978485579355746304
978671851005186048
978837371792842752
978837317476548608
978837875616870401
978837703612563459
978838121839300608
978838408851271681
978838505643225088
978838723449245696
978839181249138688
978839366675193857
978839217001377792
978839969711181824
978840227124006913
978840015261356032
978840302013370368
978840546872619010
978840508758986752
978841154987941891
978934143961612288
978935913953738758
978944770943930368
978945149605765120
979084868154994688
979085133624913920
979095322050908160
979102228953911296
979102158707658752
979102617367404544
979102585503305728
979102878026649600
979102855280975873
979103388943159297
979103652781674501
979103497508573184
979103457297817602
979103904268017664
979103715826249732
979103949037895681
979103928267804674
979121574174343168
979147712451915776
979159096300593152
979298123456679936
979298596595077121
979360327447072768
979524916788817920
979578992490696705
979578907279097856
